V[0] = 1.000000 V[1] = 1.000000 
M[0] = 2.000000 M[1] = 2.000000 
C[0] = 4.000000 C[1] = 4.000000 
K[0] = 100.000000 K[1] = 100.000000 
K0[0] = 1.000000 K0[1] = 1.000000 
T[0] = 0.000000 T[1] = 0.000000 T[2] = 0.000000 
